50
46
47 69
32 58 99
46 39 60 65
99 11 69 84 71
60 98 49 78 10 56
85 38 7 68 66 78 97
76 1 83 40 65 70 49 82
4 68 98 62 20 27 61 5 74
55 38 63 57 36 51 93 3 22 70
71 95 9 37 1 63 49 46 46 9 90
21 4 30 12 43 21 50 57 16 85 46 43
83 2 31 95 16 24 58 62 6 12 5 64 55
83 9 90 20 3 80 60 89 74 29 14 57 50 21
34 54 79 60 23 48 14 17 28 69 43 2 93 76 78
80 9 58 79 21 55 77 54 39 23 73 92 0 35 48 11
94 66 9 3 29 43 67 50 70 27 55 73 19 81 34 21 24
14 92 49 20 17 22 80 1 23 78 5 48 45 24 73 88 54 71
57 40 36 46 57 35 47 0 24 4 72 74 24 38 79 15 37 94 26
21 97 6 60 86 87 88 99 25 44 80 29 70 97 22 73 52 18 84 4
81 94 90 22 83 81 10 30 73 6 10 48 11 61 56 99 99 60 73 22 92
96 1 83 60 62 74 10 20 90 8 42 23 0 52 65 17 18 15 93 21 9 5
59 60 59 36 99 31 1 67 56 59 8 44 1 72 81 9 8 84 65 59 34 32 10
39 79 64 96 26 47 34 50 94 74 33 53 61 44 84 5 37 52 99 61 57 98 86 34
75 10 43 3 78 15 66 16 38 91 7 14 34 41 2 85 62 61 96 37 1 19 68 58 60
74 13 76 43 18 2 89 63 36 61 36 97 13 96 93 82 2 68 78 24 14 28 26 4 28 79
44 16 99 49 26 19 95 3 34 99 29 96 66 38 50 2 63 39 84 41 71 39 90 98 58 72 66
0 1 89 96 12 78 91 20 38 35 39 2 3 98 12 32 0 36 3 97 62 89 17 49 7 64 88 50
46 31 73 61 22 93 57 96 25 42 34 82 63 91 83 59 12 59 59 86 54 28 39 96 69 22 3 52 45
9 82 83 26 73 51 92 78 7 59 72 45 14 12 46 0 91 24 75 61 48 7 48 54 54 65 16 52 70 56
35 55 93 76 71 87 36 19 42 69 31 51 12 63 36 14 35 72 82 42 69 48 98 49 1 8 14 42 31 33 81
28 36 21 62 7 41 9 36 81 92 77 41 98 85 41 25 87 98 25 2 56 41 36 13 32 21 72 60 70 31 41 38
96 82 43 6 46 29 5 60 32 52 35 0 36 67 70 65 36 14 47 37 27 67 53 65 97 48 23 63 24 52 65 26 28
70 1 43 10 52 85 69 89 92 92 90 13 80 38 44 57 87 76 28 22 36 59 30 76 19 11 85 20 68 27 37 11 50 91
39 51 69 27 87 27 44 74 13 11 58 37 85 33 21 33 3 18 47 82 87 52 93 77 0 47 73 85 27 94 40 61 82 32 52
73 14 47 98 31 90 61 16 19 17 76 13 90 10 62 45 46 54 74 62 74 77 37 99 57 60 48 48 4 14 89 54 97 50 73 80
21 97 93 74 72 36 20 50 99 16 79 17 43 13 41 79 37 31 57 60 33 68 38 81 98 93 99